-1.091336193536811 2.3882110193270156 -0.7627239953802522 -1.7262094989920846 Iris-setosa
-1.3849692500937993 -0.28915559426829496 -0.7627239953802522 -1.7262094989920846 Iris-setosa
-1.678602306650789 0.7817910511698302 -0.7950610782821848 -1.7262094989920846 Iris-setosa
-1.8254188349292844 0.2463177284507676 -0.7303869124783194 -1.7262094989920846 Iris-setosa
-1.2381527218153052 2.9236843420460783 -0.7627239953802522 -1.7262094989920846 Iris-setosa
-0.6508866087013262 4.530104310203264 -0.6657127466744542 -1.380506662077782 Iris-setosa
-1.8254188349292844 1.852737696607953 -0.7627239953802522 -1.5533580805349332 Iris-setosa
-1.2381527218153052 1.852737696607953 -0.7303869124783194 -1.7262094989920846 Iris-setosa
-2.1190518914862726 -0.8246289169873575 -0.7627239953802522 -1.7262094989920846 Iris-setosa
-1.3849692500937993 0.2463177284507676 -0.7303869124783194 -1.8990609174492359 Iris-setosa
-0.6508866087013262 3.4591576647651405 -0.7303869124783194 -1.7262094989920846 Iris-setosa
-1.5317857783722948 1.852737696607953 -0.6980498295763867 -1.7262094989920846 Iris-setosa
-1.5317857783722948 -0.28915559426829496 -0.7627239953802522 -1.8990609174492359 Iris-setosa
-2.265868419764768 -0.28915559426829496 -0.8597352440860502 -1.8990609174492359 Iris-setosa
-0.06362049558734849 5.065577632922326 -0.8273981611841177 -1.7262094989920846 Iris-setosa
-0.2104370238658426 7.207470923798576 -0.7303869124783194 -1.380506662077782 Iris-setosa
-0.6508866087013262 4.530104310203264 -0.7950610782821848 -1.380506662077782 Iris-setosa
-1.091336193536811 2.3882110193270156 -0.7627239953802522 -1.5533580805349332 Iris-setosa
-0.2104370238658426 3.994630987484201 -0.6657127466744542 -1.5533580805349332 Iris-setosa
-1.091336193536811 3.994630987484201 -0.7303869124783194 -1.5533580805349332 Iris-setosa
-0.6508866087013262 1.852737696607953 -0.6657127466744542 -1.7262094989920846 Iris-setosa
-1.091336193536811 3.4591576647651405 -0.7303869124783194 -1.380506662077782 Iris-setosa
-1.8254188349292844 2.9236843420460783 -0.8920723269879829 -1.7262094989920846 Iris-setosa
-1.091336193536811 1.3172643738888903 -0.6657127466744542 -1.2076552436206307 Iris-setosa
-1.5317857783722948 1.852737696607953 -0.6010385808705888 -1.7262094989920846 Iris-setosa
1.6981778437545874 0.7817910511698302 0.3043997403835266 0.34800752249373096 Iris-versicolor
0.8172786740836201 0.7817910511698302 0.23972557457966115 0.5208589409508825 Iris-versicolor
1.5513613154760932 0.2463177284507676 0.36907390618739205 0.5208589409508825 Iris-versicolor
-0.5040700804228321 -4.037468853301731 0.07804016006999771 0.17515610403657988 Iris-versicolor
0.9640952023621141 -1.3601022397064202 0.27206265748159375 0.5208589409508825 Iris-versicolor
-0.2104370238658426 -1.3601022397064202 0.23972557457966115 0.17515610403657988 Iris-versicolor
0.6704621458051246 1.3172643738888903 0.3043997403835266 0.6937103594080339 Iris-versicolor
-1.3849692500937993 -3.501995530582668 -0.14831942024353115 -0.3433981513348741 Iris-versicolor
1.1109117306406082 -0.8246289169873575 0.27206265748159375 0.17515610403657988 Iris-versicolor
-0.9445196652583158 -1.8955755624254804 0.045703077168065 0.34800752249373096 Iris-versicolor
-1.2381527218153052 -5.6438888214589165 -0.08364525443966572 -0.3433981513348741 Iris-versicolor
0.08319603269114692 -0.28915559426829496 0.14271432587386315 0.5208589409508825 Iris-versicolor
0.230012560969641 -4.572942176020791 0.07804016006999771 -0.3433981513348741 Iris-versicolor
0.37682908924813513 -0.8246289169873575 0.3043997403835266 0.34800752249373096 Iris-versicolor
-0.357253552144338 -0.8246289169873575 -0.051308171537733004 0.17515610403657988 Iris-versicolor
1.2577282589191037 0.2463177284507676 0.20738849167772858 0.34800752249373096 Iris-versicolor
-0.357253552144338 -0.28915559426829496 0.23972557457966115 0.5208589409508825 Iris-versicolor
-0.06362049558734849 -1.8955755624254804 0.11037724297193029 -0.3433981513348741 Iris-versicolor
0.5236456175266305 -4.572942176020791 0.23972557457966115 0.5208589409508825 Iris-versicolor
-0.357253552144338 -2.9665222078636053 0.045703077168065 -0.17054673287772265 Iris-versicolor
0.08319603269114692 0.7817910511698302 0.3367368232854592 1.0394131963223365 Iris-versicolor
0.37682908924813513 -1.3601022397064202 0.07804016006999771 0.17515610403657988 Iris-versicolor
0.6704621458051246 -2.9665222078636053 0.36907390618739205 0.5208589409508825 Iris-versicolor
0.37682908924813513 -1.3601022397064202 0.3043997403835266 0.0023046855794284305 Iris-versicolor
0.8172786740836201 -0.8246289169873575 0.17505140877579572 0.17515610403657988 Iris-versicolor
0.6704621458051246 1.3172643738888903 0.7247818181086515 2.2493731255223954 Iris-virginica
-0.06362049558734849 -1.8955755624254804 0.4337480719912572 1.2122646147794875 Iris-virginica
1.8449943720330815 -0.28915559426829496 0.6924447352067189 1.5579674516937905 Iris-virginica
0.6704621458051246 -0.8246289169873575 0.5954334865009207 1.0394131963223365 Iris-virginica
0.9640952023621141 -0.28915559426829496 0.6601076523047861 1.730818870150942 Iris-virginica
2.5790770134255543 -0.28915559426829496 0.9188043155202475 1.5579674516937905 Iris-virginica
-1.3849692500937993 -2.9665222078636053 0.23972557457966115 0.866561777865185 Iris-virginica
2.138627428590071 -0.8246289169873575 0.8217930668144495 1.0394131963223365 Iris-virginica
1.2577282589191037 -2.9665222078636053 0.6601076523047861 1.0394131963223365 Iris-virginica
1.9918109003115767 2.9236843420460783 0.7571189010105841 2.2493731255223954 Iris-virginica
0.9640952023621141 0.7817910511698302 0.4337480719912572 1.385116033236639 Iris-virginica
0.8172786740836201 -1.8955755624254804 0.4984222377951226 1.2122646147794875 Iris-virginica
1.4045447871975978 -0.28915559426829496 0.563096403598988 1.5579674516937905 Iris-virginica
-0.2104370238658426 -2.9665222078636053 0.4014109890893246 1.385116033236639 Iris-virginica
-0.06362049558734849 -1.3601022397064202 0.4337480719912572 2.076521707065244 Iris-virginica
0.8172786740836201 0.7817910511698302 0.4984222377951226 1.9036702886080927 Iris-virginica
0.9640952023621141 -0.28915559426829496 0.563096403598988 1.0394131963223365 Iris-virginica
2.7258935417040497 3.994630987484201 0.9511413984221804 1.730818870150942 Iris-virginica
2.7258935417040497 -2.431048885144543 1.0158155642260458 1.9036702886080927 Iris-virginica
0.230012560969641 -4.572942176020791 0.4014109890893246 0.5208589409508825 Iris-virginica
1.5513613154760932 0.7817910511698302 0.6277705694028535 1.9036702886080927 Iris-virginica
-0.357253552144338 -1.3601022397064202 0.36907390618739205 1.385116033236639 Iris-virginica
2.7258935417040497 -1.3601022397064202 0.9511413984221804 1.385116033236639 Iris-virginica
0.6704621458051246 -1.8955755624254804 0.36907390618739205 1.0394131963223365 Iris-virginica
1.2577282589191037 1.3172643738888903 0.6277705694028535 1.5579674516937905 Iris-virginica